6.140000224113464355e-01
6.337407231330871582e-01
6.534814834594726562e-01
6.732222437858581543e-01
6.929629445075988770e-01
7.127037048339843750e-01
7.324444651603698730e-01
7.521851658821105957e-01
7.719259262084960938e-01
7.916666865348815918e-01
8.114073872566223145e-01
8.311481475830078125e-01
8.508889079093933105e-01
8.706296086311340332e-01
8.903703689575195312e-01
9.101111292839050293e-01
9.298518300056457520e-01
9.495925903320312500e-01
9.693333506584167480e-01
9.890740513801574707e-01
1.008814811706542969e+00
1.028555512428283691e+00
1.048296332359313965e+00
1.068037033081054688e+00
1.087777733802795410e+00
1.107518553733825684e+00
1.127259254455566406e+00
1.146999955177307129e+00
