-7.599999904632568359e-01
-7.362499833106994629e-01
-7.124999761581420898e-01
-6.887500286102294922e-01
-6.650000214576721191e-01
-6.412500143051147461e-01
-6.175000071525573730e-01
-5.937500000000000000e-01
-5.699999928474426270e-01
-5.462499856948852539e-01
-5.224999785423278809e-01
-4.987500011920928955e-01
-4.749999940395355225e-01
-4.512499868869781494e-01
-4.275000095367431641e-01
-4.037500023841857910e-01
-3.799999952316284180e-01
-3.562499880790710449e-01
-3.325000107288360596e-01
-3.087500035762786865e-01
-2.849999964237213135e-01
-2.612499892711639404e-01
-2.374999970197677612e-01
-2.137500047683715820e-01
-1.899999976158142090e-01
-1.662500053644180298e-01
-1.424999982118606567e-01
-1.187499985098838806e-01
-9.499999880790710449e-02
-7.124999910593032837e-02
-4.749999940395355225e-02
-2.374999970197677612e-02
0.000000000000000000e+00
2.374999970197677612e-02
4.749999940395355225e-02
7.124999910593032837e-02
9.499999880790710449e-02
1.187499985098838806e-01
1.424999982118606567e-01
1.662500053644180298e-01
1.899999976158142090e-01
2.137500047683715820e-01
2.374999970197677612e-01
2.612499892711639404e-01
2.849999964237213135e-01
3.087500035762786865e-01
3.325000107288360596e-01
3.562499880790710449e-01
3.799999952316284180e-01
4.037500023841857910e-01
4.275000095367431641e-01
4.512499868869781494e-01
4.749999940395355225e-01
4.987500011920928955e-01
5.224999785423278809e-01
5.462499856948852539e-01
5.699999928474426270e-01
5.937500000000000000e-01
6.175000071525573730e-01
6.412500143051147461e-01
6.650000214576721191e-01
6.887500286102294922e-01
7.124999761581420898e-01
7.362499833106994629e-01
7.599999904632568359e-01
